33111847
33492237
13895270
33492070
33491625
24451382
27846837
6683
33759242
27658352
32569774
32116370
14370875
24852592
33391482
24819355
33091963
14016165
33466556
24778949
139931
24505462
33491436
33895054
224210
33491699
33620953
33757600
513697
33174789
33491442
378462
33491439
33560054
26512268
33895221
14009857
33864348
13937337
11221134
31768398
33087807
33928097
24753998
190800
365957
12356621
33368019
33864792
33688761
33491455
33371637
33724503
26652992
32196108
33091000
22681
33923901
33828648
26354572
31971117
12693872
30999015
24807872
33234042
33757452
193
33442502
29013475
24505463
49211
14382416
33892350
33491115
31631004
24410573
33372051
33889044
33180985
26229854
28973015
6706
14360828
33683302
33396192
32003087
10902
13865343
33620233
24419599
24613538
81460
28925196
33442069
32861046
28019591
13846264
32504297
8059
33895204
