128104635
124943831
124943832
124943833
124943834
124943835
124943836
124943837
124943838
124943839
124943840
124943841
125122110
126558907
126154886
124684910
124684690
84409895
83303003
83303004
83303005
83303006
83303007
83303008
83303009
83303010
83303011
83303012
83303013
83303014
83303015
83303016
83303017
83303018
83303019
83303020
83303021
83303022
83303023
83303024
83303025
83303026
83303027
83303028
83303029
83303030
83303031
83303032
83303033
83303034
83483085
83240135
128564153
128564154
128564155
128564156
128564157
128564158
128564159
128564160
128564161
128564162
128564163
128564164
128564165
128564166
127954590
127670385
125921920
124719125
124719127
124314829
107635999
107765782
107847226
128800895
128790509
128817571
115144739
115144740
115144741
115144742
115144743
115144744
115144745
115144746
115144747
115750068
115075684
126250921
84217474
80806093
84492828
84492829
84492830
84492831
84492832
129917445
129576336
129576337
129917446
129917447
129917448
129917449
129917450
129576338
129917451
129917452
129575372
128906924
125643005
123452010
123410365
112415918
110308196
86023896
84194791
128929980
128712217
115127168
115127169
115127170
115127172
115127173
115127174
115127175
115127176
115127177
115127178
115127179
115398087
115118897
114187484
84129732
84185663
88890163
83466112
83552773
130800559
129613840
84176841
84023312
84023249
84023248
84023311
84023245
84023103
84023309
129639287
129639288
129639289
129639290
129639291
129639292
129639293
129639294
129639295
129639296
129639297
129639298
130803746
129635819
126380615
116106391
116106392
116106393
116106394
116106395
116106396
116106398
116106400
116106402
116106404
116106406
115313090
83691205
83691206
83691207
83691208
83691209
83691210
83691211
83691212
83691213
83691214
83691215
83691216
84283822
84304322
84385092
129589786
124300919
124300920
124300921
124300922
124300923
124300924
124300925
124300926
124300927
124300928
124300929
124300930
115690701
115690702
115690703
115690704
115690705
115690706
115690708
115690710
115690712
115690714
115690716
115690718
115690720
115690721
115690723
115690724
115690726
115690727
115856564
115856565
115856566
115856567
115856568
115856569
115856570
115856571
115856572
115856574
115856575
115856576
115856578
115856579
115856580
115856582
115856583
115856584
128770205
128770206
128770207
128770208
128770209
128770210
128770211
128770212
128770213
128770214
128770215
128770216
128770217
114722575
114186988
113907711
113584345
112820793
125075273
125075274
125075275
125075276
125075277
125075278
125075279
125075280
125075281
125075282
125075283
125075284
99786672
99786673
99786674
99786676
99786678
99786680
82376699
82376700
82376701
82376702
82376703
79777606
34860508
34860509
34860510
34860511
34860512
34860513
34860514
34860515
34860516
34860517
66211548
66211551
66211553
66211555
66211558
66211561
66211564
66211566
66211569
66211571
66211573
66211575
61333925
61333926
61333927
57171408
50654826
50654829
50654832
50654835
50654838
50654841
50654844
50654847
50654850
50654853
50654855
50654857
50654859
50654861
50654864
50654868
50654870
50654874
50654877
49891220
49891222
49891225
49891228
49891231
114933866
128565618
128565619
128565620
128565621
128565622
128565623
128565624
128565625
128565626
128932037
128812568
128561708
117480809
117480811
117480813
117480815
117480817
117480819
117480821
117480823
117480825
83414334
83414335
83414336
83414337
83414338
83414339
83414340
83414341
83414342
83414343
82774255
82774257
82774259
82774260
82774262
82774264
82774266
82774268
82774270
82774271
82774272
82774273
82774274
82774275
84379677
116079046
91232447
129347748
115002032
83521835
127039746
112569264
112569265
112569266
112569267
112569268
112569269
112569270
112569271
112569272
112569273
112569274
112569275
116177718
112893321
112519384
84052416
99290003
99290004
99290005
99290006
99290007
99290008
83380332
83380333
83380334
83380335
83380336
83380337
99290009
99290010
99290011
99290012
99290013
99290014
126957732
126957733
126957734
126957735
126957736
126957737
126957738
126957739
126957740
126957741
126957742
130496229
126945976
126617761
84358295
74143428
115907784
115907786
72695507
72695508
72695509
72695510
125640992
124685605
124685606
86274987
84801362
84801364
84801365
84220158
84220159
84220160
84220161
84220162
84220163
84220164
84220165
84220166
84220167
84220168
84220169
84220170
84220171
84220172
86583905
112325863
112325864
112325865
112325866
112325867
112325868
112325869
112325870
112325871
112325872
84378458
84378459
84378460
84378461
84367544
84367545
84367546
74179755
74179756
74179757
74179758
74179759
74179760
74179761
74179762
74179763
74179764
130779400
126389189
130493799
124994159
66401230
66401232
66401234
66401236
66401238
66401239
57181321
57181324
57181327
57181330
57016469
126369681
123516559
123516560
123516561
123516562
123516563
123516564
123516565
123516566
123516567
123516568
123516569
116423537
116423538
116423539
116423540
116423541
116423542
116423543
116423544
116423545
116423546
116423547
118980767
116419594
74685224
74170811
74170812
74259271
74170813
74170814
74170815
74170816
74170817
86093598
86093599
86093600
86093601
86093602
86093603
86093604
74157079
74157080
74157081
74157082
74157083
74157084
74157085
74153307
74153308
74153309
74153310
74153311
74153312
74153313
74153314
74153315
74153316
74153317
84233154
129971067
113404221
113404227
113404229
111359108
103868337
103868338
103868339
97159351
99002547
84082793
84082794
84082795
84082796
84082797
84082798
84082799
84082800
84082801
84082802
84082803
84283172
84382778
115866006
115866007
115866008
115866009
130226185
128590985
125673940
115919210
115919211
115919212
115919213
115919214
115919215
115919216
115919217
115919218
115919219
115919220
115919221
115454420
115461477
115147548
114573103
91588218
86486912
86486914
86486915
86486917
86486919
130958789
129998784
125876626
115314104
115314105
115314106
115314107
115314108
115314109
115314110
115314111
115314112
115314113
113118663
113118664
113118665
113118666
105489951
102821279
98956821
98379434
84041152
84041153
84041154
84041155
84041156
84041157
84041158
84041159
84041160
84041161
84041162
84041163
84041164
84041165
128954462
128954463
128954464
128954465
128954466
128954467
128954468
128954469
128954470
128954471
128954472
128954473
130002571
129508527
70944118
70944121
70944124
84343402
84343403
84343404
84343405
84343406
84343407
83552914
115191545
115191546
115191547
76424325
76424326
76424327
128784598
114379792
114356940
114378557
113813065
113813103
113803237
113590120
113605467
128565565
128565566
128565567
128565568
128565569
128565570
128565571
128565572
128565573
128565574
129317936
128105074
84079457
83700501
78083714
83088731
129385004
129988594
128720245
126379292
126138940
129639214
129639215
129639216
129639217
129639218
129639219
129639220
129639221
129639222
129639223
129639224
129639225
129639226
130509293
130226186
129990947
129631111
125158463
115956518
115956555
115308380
115956656
128055095
128055096
128055097
128055098
128055099
128055100
128055101
128055102
128055103
128055104
128055105
128055106
128055107
130215828
129349165
128052379
124969048
115167679
109967027
109967028
109967032
109967037
109967043
109990376
109990377
109990378
109990379
109990380
108947937
108983874
129694655
129694656
129694657
129694658
129694659
129694660
129694661
129694662
129694663
129694664
129694665
129694666
129694667
129634394
129367817
129367818
129367819
129367820
129367821
129367822
129365976
129365977
129365978
129365979
129365980
129365981
129807039
129807040
129807041
129807042
129807043
129807045
129365716
129365717
129365718
129365719
129365720
129365721
129320407
127931495
115759048
115759049
115759050
115759051
115759052
114732759
114732760
114732761
114732762
114732763
116082931
116082932
116082933
116082934
83306050
83306051
83306052
83306053
83306054
83306055
83306056
83306057
83306058
83306059
83306060
83306061
116082975
74365692
31935711
31935713
31935715
31935717
31935718
31935719
31935720
31935721
31935722
31935723
19935587
15413278
15413279
15413280
15413281
15413282
15413283
15413284
15413285
15413286
15413287
15413288
33519914
33519915
33519916
33519917
33519918
33519919
33519920
33519922
33519924
33519925
33519927
91282618
91282619
91282620
91282621
91282622
91282623
91282624
91282625
91282626
91282627
91282628
13140060
13140061
13140062
13140063
13140064
13140065
13140066
13140067
13140068
13140069
113588991
110789083
110954075
58181401
36248296
36248297
36248298
36248299
32082339
32082340
32082341
32082342
32082343
32082344
32082345
32082346
32082347
32082348
32082349
32378298
32378299
32378300
32378301
32378302
32378303
32378304
32378305
32378306
32378307
32378308
32776491
32776492
32776493
32776494
32776495
32776496
32776497
32776498
32776499
32776500
32776501
32776502
32776503
32776504
32776505
32776506
32776507
32776508
32776509
32776510
32776511
32776512
32082767
32082768
32083029
32082769
32082770
32082771
32082772
32082773
32082774
32082775
32082776
32082777
32082778
32082779
32082780
32082781
32082782
32082783
32082784
32082785
32082786
32082787
32080591
32080592
32080593
32080594
32080595
84465476
32080596
32080597
32080598
32080599
32080600
32080601
128712286
127666306
127450026
125839089
123569981
116434718
116434719
116434720
114073429
114073430
114073431
114073432
114073433
114073434
114073435
114073436
114073437
114073438
112526760
112526761
112526762
112526763
112526764
112526765
112526766
112526767
112526768
115914210
108328611
130940175
130850659
116433820
130189995
128923202
128923203
128923204
128923205
128923206
128923207
128923208
128923209
128923210
126366045
126366046
126366047
126366048
126366049
126366050
126366051
126366052
126366053
126366054
126366055
126366056
126366057
126366058
126366059
126366060
126366061
126122656
126122657
126122658
126122659
126122660
126122661
126122662
126122663
126122664
126122665
126122666
126122667
126122668
126122669
126122670
126122671
126122672
125815448
126012568
128923211
123700758
123700759
123700760
123700757
124391194
124391195
116783339
116783342
116783346
116783349
116783351
116000702
116000703
116000704
116000705
116000706
110355102
110355104
110355106
118866762
118866764
118866767
85210968
85210969
120752392
120752394
81210899
74317367
74317368
74317369
80551502
80551503
80551504
128920594
128800896
126141795
130149153
129972589
130188398
128189951
130807083
130807084
130807085
130807086
130807087
130807088
130807089
126485764
126485765
126485766
126485767
123519333
123519334
123519335
123519336
123519337
123519338
123519339
123519340
123519341
123519342
123519343
125198117
123997918
123506633
120476969
120476971
120476973
120476976
120476979
120476982
114990122
130942750
130942751
130942752
130942753
130942754
125090159
126771903
122928945
126149735
113418332
84262386
84262387
84262388
84262389
84262390
84262391
84262392
84262393
84262394
84262395
84262396
84262397
73518651
73518652
73518653
73518654
73518655
73518656
73518657
73518658
73518659
73518660
73518661
73518662
73518663
73518664
73518665
95698574
95698567
72288592
35768908
18101460
18101461
18101462
18101463
18101464
18101465
18101466
18101467
18101468
18101469
18101470
18101471
18101472
17401928
85746817
85746818
85746819
85746820
85746821
85746822
85746823
85746824
85746825
85746827
85746829
94398227
90867404
94398234
81244946
73647135
73647136
73647137
73647138
73647139
94398236
94398237
94398238
94398240
94398242
71473784
52130017
75258242
75258243
75258244
75258245
75258246
129998783
126956926
84182631
84182632
84182633
84182634
84182635
84182636
84182637
84182638
84182639
84182640
84182641
91593006
91593007
91593008
91593009
91593010
91593012
91593013
91593014
91593016
91593018
91593020
104652495
84182226
107965178
107965179
107965180
107965181
107965182
74210910
74210911
74210912
74210913
74210914
91593002
91593003
91593004
53630311
84083709
130763304
125667391
125667392
123251457
123251458
123251459
123251460
123251461
114736477
114740115
116332108
105650615
105650616
105650617
105650619
112566962
111605268
110974279
127408299
130781873
114872232
114872233
114872234
114872235
130767223
130850588
130055380
129807807
129451256
113463162
84889623
91787093
82028583
74446102
74446103
74446104
74446105
74446106
74446107
74446108
74446109
74446110
74446111
74446112
74446113
74722569
73518639
82401534
82401535
82401536
82401537
82401538
82401539
82401540
82401541
82401542
82401543
82401544
82401545
82401546
30812012
30812014
30812016
34655029
30812019
30812023
30812027
30812030
30812034
30812035
30812036
30812037
30812038
19139239
130801568
130466912
129804971
119749866
121003263
112569276
112569277
112569278
112569279
112569280
112569281
112569282
112569283
112569284
112569285
112569286
112569287
112569288
114626981
113901183
98922598
84052727
83604398
81883194
108068252
108068253
108068254
108068256
108068257
108068258
108068259
108068260
108068261
108068262
108068263
108068264
107974413
87750427
84213928
83498953
88355549
31757271
31757272
31757273
31757274
31757275
35174032
31757276
31757277
31757278
31757279
31757280
31757281
35174033
31757282
31757283
31757284
31757285
31757286
30206962
31753902
88355550
130743991
127472536
127472538
127472539
127472541
127472545
127472548
127472550
127472552
127472554
127472556
127472560
127472563
127472565
127472566
127472567
127472569
127472571
127472574
127472580
127472582
127472586
127472588
115521242
115638867
123356343
123356346
123356348
123356351
115523352
115073223
114018879
114018880
114018881
114018882
114018883
114018884
114018885
114018886
112955427
112385880
119230778
119230780
119230781
119230783
119230785
119230787
119230789
119230792
119230794
119230797
119230801
115128077
79504041
43859975
33170569
33170570
33170571
33170572
33170573
33170574
33170575
33170576
33170577
33170578
33170579
33170580
33170581
33170582
33170583
33170584
33170586
33170587
85452350
33132695
33132696
33132697
33132698
33132699
33132700
33132701
33132702
33132703
33132704
33132705
33132706
33132707
33132708
33132709
33132710
33132711
33132712
80794081
34072039
18830188
18830189
18830190
18830191
18830192
18830193
18830194
18830195
18830196
18830197
18830198
18830199
128910405
127129048
127106184
125673705
123510398
115921729
115921736
84254776
84254778
84254780
84254782
84281935
84281937
84281939
84281942
84253022
84253023
84253024
84253025
127129040
127129041
127129042
127129043
127129044
127129045
127129046
127129047
127129049
127129050
127129051
127129052
126372369
126372370
126372371
126372372
126372373
126372374
126372375
126372376
126372377
126372378
126372379
126372380
127729106
124968772
115747225
115754727
115754728
115754729
115754730
115754731
115002031
114844766
114844767
114844768
114844769
114833827
114833828
114833829
114833830
114833831
114833832
114833833
113679740
130763422
130763423
130763424
130763425
130763426
130763427
130807577
130197735
130229428
130229429
130229430
130229431
130229433
130229435
130229438
130229440
130229442
130229444
130212440
128044479
125673807
125673808
125673809
125673810
125673811
125673812
125673813
125673814
125673815
125673816
125673817
125673818
125673819
125673820
125673821
126369570
125668209
125161184
129279955
129279956
129279957
129279958
129279959
129279960
129279961
129279962
129279963
129279964
130508229
126615748
123508026
84801663
73396753
73396754
73396755
73396756
86399319
86399320
86399321
86399322
64063940
7530232
7530233
7530234
7530235
7530236
7530237
7530238
7530239
7530240
7530241
7530242
7530243
7530244
7530245
7530246
35355053
35355054
113655991
107848012
107848013
107848014
107848015
107848016
107848017
107848018
107848019
107848020
107848022
107848023
118489563
118489565
118489566
118489568
113923803
113923804
113923805
113923806
72692817
72692819
72692821
72692822
72692823
72692825
59710177
70323428
35175744
34315171
34315172
34315173
34315174
34315175
34315176
34315177
34315178
34315179
34315180
34315181
34315182
63425361
63425365
62274621
62274622
62274623
62274624
62274625
62274626
62274627
62274628
62274629
62274630
62274631
123959653
111374510
111374511
111374512
111374513
111374514
111374515
111374516
111374517
111374518
111374519
111374520
111374521
111374522
111374523
111374524
108982437
109056811
108924781
104694123
115600296
84215320
84215321
84215322
84215323
84215324
84215325
84215326
84215327
84215328
84215329
84215330
84215331
84215332
84215333
84215334
84215335
84215336
84215337
84215338
84215339
84215340
87837697
83467324
100292922
83630132
83630133
83630134
83630135
83630136
83630137
83630138
83630139
83630140
83630141
83630142
83630143
83630144
83630145
100292916
83467382
17216341
17216342
17216343
17216344
17216345
17216346
17216347
17216348
17216349
17216350
36734029
36734030
36734031
36734032
36734033
36734034
36734035
36734036
36734037
36734038
36734039
36734040
36734024
36734025
36734026
36734027
36734028
73126147
73126148
73095780
73126149
73126150
130723996
115477943
115477944
115477945
115477946
115477947
115477948
115477949
115477950
115477951
115477952
115477953
115477954
115477955
115477956
115477957
115477958
115477959
115477960
115477961
115477962
115477963
115477964
115477965
115477966
116460873
116268573
115628738
113747982
94558154
83436236
84289201
72134484
72134485
72134486
72134487
72134488
72134489
72134490
72134491
72134492
72134493
72134494
72134495
72134496
72134497
72134498
72134499
88898053
88898054
88898055
88898056
88898057
88898058
88898059
88898060
88898061
88898062
88898063
88898064
88898065
128552561
128552562
128552563
128552564
128552565
128552566
128552567
128552568
128552569
128552570
128552571
128552572
128552573
128552574
128552575
128103310
126956342
108270416
115691568
115691569
115691570
115691571
115691572
115691573
115691574
115691575
115691576
115691577
115691578
115691579
115691580
115691581
115691582
115691583
115691584
105350582
108925882
125403184
115155112
117183251
113660098
114456837
113698519
113675197
113699023
113699024
113699025
113699026
113699027
113699028
113699029
113699030
113699031
113699032
113699033
113699034
113675025
110548227
110548228
110548229
110548230
110548231
110548232
110548233
110548234
110548235
84255106
84255108
84255110
84255112
84255114
84255116
127662567
125382217
72134528
79136323
79136324
79136325
79136326
79136327
79136328
79136329
79136330
79136331
79136332
79136333
79136334
79136335
79136336
84726079
84376197
84375333
84375347
92755518
92755519
92755520
92755521
54117316
18457497
18457498
18457499
18457500
18457501
18457502
18457503
18457504
18457505
18457506
33990312
33990313
33990314
33990315
19700930
19700931
19700932
19700933
19700934
123821002
123821003
123821004
123821005
123821006
123821007
123821008
123821009
123821010
123821011
123821012
123821013
125861677
125742318
125667808
125371606
113790437
113059375
109972407
125524719
125524722
125524725
81333848
81333849
81333850
81333851
127203385
126514655
115678741
115678743
115678744
115678747
115678750
115632336
115632337
115632338
115632339
115632340
113901677
99756475
99756476
99756477
84256084
84204046
84204047
84204050
84204053
84204055
83619611
83619612
83619613
83619614
83619615
83619616
83619617
83619618
83619619
83619620
83619621
83619622
83619623
84167559
116422559
113459463
121810509
121810510
121810511
121810512
78164454
68153254
68153257
68153260
68153263
68153266
68153270
68153274
68153277
68153279
68153281
68153284
126169526
126169527
126169528
126169529
126169530
126169531
126169532
126169533
126169534
126169535
126149061
116100927
116100928
116100929
116100930
116100931
116100932
116100933
116100934
116100935
84192462
84192465
84192468
84192471
84192474
84192476
84192477
84192478
84192479
84192480
84192481
91311504
91311505
91311506
91311507
91311508
91311509
91311510
91311511
91311512
91311513
91311514
91311595
91311596
58772259
58772260
58772261
58772262
58772263
58772264
58772265
58772266
58772267
58772268
35048483
17576489
17576490
17576491
17576492
17576493
17576494
17576495
17576496
17576497
17576498
17576499
130769326
114272113
114272114
114272116
114272117
114272118
83050694
83050695
83050696
83050697
83050698
83050699
83050700
83050701
83050702
83050703
83050704
83050705
78113774
84357349
84357350
84357351
84357352
84357353
77777101
77777102
77777103
77777104
77777105
74446139
83100291
129949211
